%YAML:1.0
---
model_type: PINHOLE
camera_name: camera
image_width: 640
image_height: 480
distortion_parameters:
#   k1: 0.0
#   k2: 0.0
#   p1: 0.0
#   p2: 0.0

   k1: 0.012841423271594888
   k2: -0.008117890020149197
   p1: 0.004799795720206845
   p2: 0.0025935784260534413

projection_parameters:
#   fx: 385.7544860839844
#   fy: 385.7544860839844
#   cx: 323.1204833984375
#   cy: 236.7432098388672

   fx: 395.19641756696944
   fy: 396.64625438398093
   cx: 326.74773922585405
   cy: 249.73154401066188




