%YAML:1.0
---
model_type: PINHOLE
camera_name: camera
image_width: 640
image_height: 480
distortion_parameters:
#   k1: 0.0
#   k2: 0.0
#   p1: 0.0
#   p2: 0.0

   k1: 0.011958498232025496
   k2: -0.006327242172751467
   p1: 0.004691607149527733
   p2: 0.001379639795785548

projection_parameters:
#   fx: 385.7544860839844
#   fy: 385.7544860839844
#   cx: 323.1204833984375
#   cy: 236.7432098388672

   fx: 395.55420213579043
   fy: 396.9495308499596
   cx: 325.0383271869289
   cy: 248.96910387597757

