%YAML:1.0
---
model_type: PINHOLE
camera_name: camera
image_width: 640
image_height: 480
distortion_parameters:
#   k1: 0.0
#   k2: 0.0
#   p1: 0.0
#   p2: 0.0

   k1: 0.002673370630508643
   k2: -0.0010681327232295733
   p1: -0.00011528798569030352
   p2: 0.0010258669746751625


projection_parameters:
#   fx: 385.7544860839844
#   fy: 385.7544860839844
#   cx: 323.1204833984375
#   cy: 236.7432098388672

   fx: 392.2211560299197
   fy: 392.77289841050305
   cx: 324.0902022905199
   cy: 243.14325635089884






