%YAML:1.0
---
model_type: PINHOLE
camera_name: camera
image_width: 640
image_height: 480
distortion_parameters:
#   k1: 0.0
#   k2: 0.0
#   p1: 0.0
#   p2: 0.0

   k1: 0.0049879872955638106
   k2: -0.006297264333934392
   p1: 2.7859317032933206e-05
   p2: 0.00021011678954185143


projection_parameters:
#   fx: 385.7544860839844
#   fy: 385.7544860839844
#   cx: 323.1204833984375
#   cy: 236.7432098388672

   fx: 392.1074674941126
   fy: 392.6624570821124
   cx: 323.337632607508
   cy: 243.20458242799964



